163 3.2167506791062e-17
-5034.028896451274 -7.322762306984561e-18
-4957.05089123469 -1.2121726731327306e-17
-4880.113053507198 -5.194611879342833e-18
-4803.215351837614 1.7078860622537842e-17
-4726.357754827546 3.018197062563924e-17
-4649.54023111134 1.4242795791783432e-17
-4572.762749356042 -8.663254811741045e-18
-4496.025278261356 -1.6175641306137413e-17
-4419.327786559599 -1.5163253300072538e-17
-4342.670243015661 -1.4164541898255614e-17
-4266.05261642696 -1.1017175915772997e-17
-4189.474875623402 -3.739362953845642e-18
-4112.936989467338 9.647314489406281e-18
-4036.4389268535188 2.9100163968207686e-17
-3959.98065670906 3.567738803852713e-17
-3883.5621479933916 1.3762686929367854e-17
-3807.183369698223 -1.1698001808185793e-17
-3730.844290847497 -1.404857448509813e-17
-3654.5448804973475 -2.1528537000260863e-18
-3578.285107736059 1.002214642090101e-17
-3502.064941684029 1.5946404041838444e-17
-3425.884351493718 1.1524339500521811e-17
-3349.743306349613 3.925325689295215e-18
-3273.641775468186 2.5125773036709983e-18
-3197.579728097853 1.3271904128327891e-17
-3121.557133518928 3.9634017901494875e-17
-3045.5739610435858 7.317681378034079e-17
-2969.6301800158226 1.0312367686540638e-16
-2893.7257598114084 1.2565859138041302e-16
-2817.8606698378508 1.3939250270120245e-16
-2742.0348795343516 1.469992688491299e-16
-2666.2483583717694 1.5266082383368784e-16
-2590.5010758525723 1.6002892521383658e-16
-2514.793001510803 1.7207601012483848e-16
-2439.1241049120354 1.8645807370384486e-16
-2363.494355653331 2.0011370065146228e-16
-2287.9037233632043 2.0969282272174076e-16
-2212.3521777015785 2.1211618398383531e-16
-2136.839688359745 2.3065291769934444e-16
-2061.366225060322 2.91731669432464e-16
-1985.9317575572168 3.6036365218426654e-16
-1910.536255635585 3.8758395591678994e-16
-1835.1796891117847 3.80368452816045e-16
-1759.8620278333456 3.6300144513091444e-16
-1684.5832416789199 3.5284070259344787e-16
-1609.3433005582483 3.653094510935048e-16
-1534.1421744121162 3.9622901240448375e-16
-1458.9798332123155 4.322617410411225e-16
-1383.8562469616045 4.765350944029207e-16
-1308.7713856936698 5.369262142015474e-16
-1233.7252194730772 5.824493646770193e-16
-1158.717718395248 5.720643172272079e-16
-1083.7488525864064 5.27941735730021e-16
-1008.8185922035391 4.950880276235461e-16
-933.9269074343683 4.888922992517361e-16
-859.0737684972992 5.131540227786186e-16
-784.2591456413902 5.460425121754902e-16
-709.4830091463027 5.538158923511205e-16
-634.7453293222716 5.47539854667999e-16
-560.0460765100615 5.571932774096194e-16
-485.3852210809291 5.798335151776612e-16
-410.7627334365807 5.994579980161225e-16
-336.17858400913974 6.066790068310246e-16
-261.63274326109786 5.940720860814468e-16
-187.12518168529095 5.749587876266535e-16
-112.65586980483931 5.735938999112716e-16
-38.22477817312756 5.827749959056794e-16
36.1681226262408 5.793919463143457e-16
110.5228619794907 5.657627626765504e-16
184.83946924269367 5.565141158045991e-16
259.1179737418315 5.560706411171522e-16
333.3584047728127 5.639792818665472e-16
407.5607916015251 5.7350273799032335e-16
481.72516346387056 5.740780321801866e-16
555.8515495657994 5.62824617140762e-16
629.9399790833577 5.41971671830986e-16
703.9904811627111 5.176355682234227e-16
778.0030849202012 4.974658608647257e-16
851.9778194423689 4.886777881578439e-16
925.9147137859982 4.990106901418399e-16
999.8137969781528 5.108194411573081e-16
1073.6750980162196 4.892205774583563e-16
1147.4986458679414 4.383548725471963e-16
1221.2844694714513 3.8895710220340757e-16
1295.0325977353168 3.583791333981885e-16
1368.7430595385795 3.563121347788716e-16
1442.4158837307841 3.678065306917901e-16
1516.0510991320243 3.5603846372756967e-16
1589.6487345329715 3.242339382751672e-16
1663.208818694924 3.0976023631917973e-16
1736.7313803498382 3.1044368602849555e-16
1810.2164482003573 2.910483785418258e-16
1883.6640509198696 2.5682951802217293e-16
1957.0742171525235 2.463680258488719e-16
2030.4469755132814 2.6438420487873403e-16
2103.7823545879437 2.873952313194364e-16
2177.0803829332017 2.995048907894167e-16
2250.341089076659 2.899507297213026e-16
2323.564501516872 2.626196764309257e-16
2396.7506487233986 2.3725281313589274e-16
2469.8995591368202 2.2154453418950253e-16
2543.0112611687873 2.1111242347155937e-16
2616.085783202052 2.0039253330978655e-16
2689.1231535905063 1.8030702632000254e-16
2762.1234006592204 1.5551052060093712e-16
2835.0865527044753 1.4788877255775512e-16
2908.0126379938065 1.5654685217701296e-16
2980.9016847660314 1.5391808542520924e-16
3053.753721231291 1.3294519230916814e-16
3126.568775571086 1.1050132060110154e-16
3199.346875938314 9.486494681099934e-17
3272.0880504573015 8.491036415196059e-17
3344.792327223846 7.892844542488331e-17
3417.4597343052465 7.296516142264562e-17
3490.0902997403464 6.60232036417495e-17
3562.6840515395597 6.135920200615091e-17
3635.241017684917 6.141153937786836e-17
3707.7612261300965 6.912313908790833e-17
3780.2447048004597 7.920973977271054e-17
3852.6914815930886 7.211758584490949e-17
3925.10158437682 4.8618880184825463e-17
3997.475040992287 4.155479745829201e-17
4069.811879251947 6.191340639911654e-17
4142.112126940114 8.634730260741831e-17
4214.37581181301 9.94597035031599e-17
4286.602961598786 9.8971441948627e-17
4358.793603997567 8.416058117496292e-17
4430.947766681475 5.666026026147807e-17
4503.06547729468 2.6335196965463434e-17
4575.146763453426 1.5871898229704568e-17
4647.191652746062 3.5244296122129065e-17
4719.20017273309 7.347859573757974e-17
4791.1723509471885 1.1179153706822705e-16
4863.108214893256 1.159260504675631e-16
4935.007792048444 7.584798511906643e-17
5006.871109862179 3.030543891259135e-17
5078.69819575622 8.696814482411398e-18
5150.489077124679 1.975954122958539e-17
5222.243781334057 5.745424115296567e-17
5293.962335723285 8.045731342489772e-17
5365.644767603746 6.914587662858618e-17
5437.29110425933 6.17365684190425e-17
5508.901372946444 7.720469367255141e-17
5580.475600894069 8.366171847369954e-17
5652.013815303781 6.3687960275949e-17
5723.516043349786 3.37691551572612e-17
5794.982312178967 1.1142823949677653e-17
5866.412648910897 1.6745261990217656e-17
5937.807080637893 5.622316479091525e-17
6009.1656344250405 9.4151427432056e-17
6080.488337310231 1.0287070518175297e-16
6151.775216304193 8.098346646893045e-17
6223.026298390529 3.7027704140238293e-17
6294.241610525749 2.483215700647816e-18
6365.421179639303 1.7392759274972246e-18
6436.565032633613 3.4688973380975265e-17
6507.673196384118 8.95543016946211e-17
6578.74569773929 1.2503342812578014e-16
6649.782563520686 1.126081959433884e-16
6720.783820522967 7.254140672100206e-17
6791.749495513945 2.8797673944364394e-17
6862.6796152346 3.1708741049202994e-18
6933.574206399131 8.480606013902288e-18
